,X
·-- 193 -;-ι-“

’ ’ 9199111111 5111911 0011 31151119 11111 11999011 51111111 510 v(
011011 51111919 199. ffinb Γ91 91111115 11111 11999011 11511· ein ,

· tomen) 9110, 09109111 51119111 01111911 009 611915 1119, 01

{einen 5111911· 0011 81151119 99 101 9111119 11111 9111511 nod)
991 9111511, 0111· 011511115911οο9 <31151119 9015 0111 0111191.
11519101 11511101, er 1115951 10 01991 11111 011 59919110511. ’
§Bao 511 091111 5019111 111911 {eine 9911119151 911 111919 5111· “
911· 009 15115919, 011 9911019151 0011 011 1151110110111 5091

1115 11191519, 0110 0111· 5119919 001· 0191 11511115111119 009 311

51119, 05 er 10 1009191, 9111910119 11191919 51119119 009 311

51119, 011 099111010151911191, 090 1019199 0015 011 101115
595111, 091“1Γ“· 091· 09151 eine 10915111 Γ99191ᾋω199 011111·
5111911· nenne 011 11511101 11111019 910119 11911919, 10 11111191
11 1111 501911 101115 59519, 091 11· 011· 11511101 91111 vnum-fios
91911151, 111 091 11· 10 011 9110110 511, 511 ’9511 11· 10 011
9110110 9111, 10 ment 11 ime 0011) 009 ime 115119 9911) ir
111111 11510110 9110095111, 090 101 091 090 19 09 mitte 519ῦέ

9111 ane 91111119511 91111101 §mag 9511 11 10 9111 erfii‘rgenjt
9111· 09 001 9111511519 1191, 10· 101 011 1159101911119 1151 0111·
011 11511101 111011, 090 101 019111 011 11511101 110191119111311
9511, 091 011 5111911· 009 &tiburs 0111111111 5111911 009 111111
, 51119111 91111011119111109 119 0991190919 1151, 0915 091 er'

’ 99 19 ge 1011151901 51111, 196511 091 011111· 5111911 001 091

1150111151 01115119919, 10 11111191 1011· 19 99011109151 5011151111
11109, 0911 Γ 0111111111 51119111 009 11911 5111911· 1111191 1111 095
91190919 1151, 09151. 091 11 911 19 91 1011151901 511, 9111
091· 001· 9111511519 1191. &cient 11 0111111 010 11111, 10 9199 vni .
111· 5111911111 51119111 1001 99911119 mit 9111511, 1109 11· 1011,
09111 091 11· 11911· 191519 119 1901 911019911. ’ ffinb 1010011)
091· 011151 01111 51111 0110 0110 9101991, 9101115191 091 090
0111 51119119 009 81151119 1191111111 11111 5111519, 991 91101· ’
, 119511 91111101. ,1591 11511 ge 11111111 01111901, 090 091011 1091·
· 090 stete 511151, 091 011151 5991 1011· 011 00191999119 5111911·
0011 6119151119 011111 1119111911 91519111 99 011111 91919
menige-n 51111. Det· 10911 9191519 911 01111 1111991 9915·

&ebteibcte 1111. mcx). “ Ι 13

