Ἠ 135 -Ι
011 10110111 011 11111111 111 011 11. 111, 0110 bem 00191110111111.

0011 0111, 011 0110111111 11111.. {Ber 0010 01111, 911 friburg 111, 011· “ ’

101 1111111 00191191111111 1111111 01 1111111111, 1011· 1101911111 011
1191 11, 0110 0111οι111 0110 1110110111, 11110 1ῖ1111 001111, 91 ·

01111 9111111111, 0110 110111 11 111111 ge 00191101111111, 011, 101 ·

091 911111111 911 1110 111111111 9111 1010111101,’011011011 11 191011 ·
0111,10101 111 011 rut 0011 011 11111 1101119111, 091 11 eq, 911
1110 1111111, 9110 00 11 1911111 10011 1011, 0111 11 ein 191 0011011
. ‘stat 09111 101 an 10 11 101011 111 011 1191101111, 10101 ew
Α 01111 1100110119111 0110 bem 00191110111111 11111 1119110 1110111 91 ’ .
0111, 0110 111111 111 111 011 1111111199111, bi 11 1101 9111 9111 ge:

01101. mm> 11011 00191191111111· 111, 01111 111011 191 ,’ 0110 ,011 ’
*' 001911 9100110111 ge 91011101 1110191019 1119110 1110111 0111011111111

0111111, 0110 011101 1111 110111 111911110, 0110 1010010 01111101
01111 0111 0019100111111, 0110 011 90911101111111 1111111111911110

. 911 191111 1009111111 1991 'ge 1091910119, 0110110111 er 11111191 ·‘

00191110111111, 0011· 919001101111111, 0111. 11199 et· 1101119111-1111 .

· , 191 11111 011 01111 011 09 001· 9111011019 1191, 011 91101111 19111 · ’

11199 er 111 111011101119111, 0110 011 01111111 19111 1111111911 11 111

9011 1001,111110111110111 01111 &mer 111 011 91101111 0111991, - ·
0011 09111 11111 51 11111111 111911, 11111 90011111 0111111οι 0111111111, .

11091 11 01111 0111111 111 01111 0011001, 091 11111111 11 1111111 111111
0111 11111 01111 11011119919,0110 01111 1100110119111 911 011 Q: .. Α
119111 11111 0019111 1011 0111111110 11111 11019111 100111, 0110 10111
091 011111 091 1190,111 1111 0109111101 09, 10 101 111911 ir 011111·
1101119111, 091111119119111111 910111, 00 sni 11, 911111100111. &unz ‚
101111111911 0111 91101111 0110111110 111 111111 001, 11091 11 11111

09 1001, 011· 09 10111 111, 11· 0111111 ez, 1111111911. ῥΞ1101111 991ῖ ,

, 101 1111101111 11111 111111 001911, e& 11 011111101111019111 101111.

· aa 01111 19111011, 011 09 1111111111, 0110 011 09 10111 9111100111,
11011 0911191101 10111, 011 101 911101 01111 0911, 0110 111101 en:
01111 1911101 10110111, 00101111 011101 0111 0111119111 1199. 933111
o 0101111 1111111011ῐί 1110011101111 0111 00191111, 9110 091, 1111 1111
1011 0911111 1111 01111101, 0110 091 911011 ’1111 11111, 10 11109111

910191011011101101101111119, 0110 11111 0119911110, 011 011111 aie: ,
0111 919111 161111, 0110 10101111 011 0111111 09110101111111 90011111

